| Age   | 5th | 10th | 15th | 25th | 50th | 75th | 85th | 90th | 95th |
| ----- | --- | ---- | ---- | ---- | ---- | ---- | ---- | ---- | ---- |
| 8–11  | 0.9 | 1    | 1.1  | 1.1  | 1.3  | 1.6  | 1.7  | 1.8  | 2    |
| 12–15 | 1.4 | 1.6  | 1.7  | 1.9  | 2.5  | 3.1  | 3.4  | 3.5  | 3.9  |
| 16–19 | 2.6 | 2.8  | 2.9  | 3.1  | 3.5  | 3.9  | 4.2  | 4.4  | 4.8  |
| 20–39 | 2.8 | 3    | 3.2  | 3.4  | 3.8  | 4.4  | 4.7  | 4.9  | 5.3  |
| 40–59 | 2.8 | 3.1  | 3.2  | 3.5  | 3.9  | 4.4  | 4.6  | 4.9  | 5.1  |
| 60–79 | 2.5 | 2.7  | 2.8  | 3    | 3.5  | 3.9  | 4.2  | 4.4  | 4.7  |
| 80+   | 2.1 | 2.3  | 2.4  | 2.6  | 2.9  | 3.2  | 3.4  | 3.5  | 3.7  |
| 20+   | 2.7 | 2.9  | 3.1  | 3.3  | 3.8  | 4.3  | 4.6  | 4.8  | 5.1  |
