| Age   | 5th | 10th | 15th | 25th | 50th | 75th | 85th | 90th | 95th |
| ----- | --- | ---- | ---- | ---- | ---- | ---- | ---- | ---- | ---- |
| 8–11  | 0.8 | 0.9  | 1    | 1.1  | 1.3  | 1.6  | 1.7  | 1.8  | 2    |
| 12–15 | 1.4 | 1.5  | 1.6  | 1.7  | 1.9  | 2.1  | 2.3  | 2.4  | 2.6  |
| 16–19 | 1.5 | 1.6  | 1.7  | 1.8  | 2    | 2.3  | 2.5  | 2.6  | 2.9  |
| 20–39 | 1.6 | 1.7  | 1.8  | 1.9  | 2.2  | 2.5  | 2.7  | 2.9  | 3.2  |
| 40–59 | 1.6 | 1.7  | 1.8  | 1.9  | 2.2  | 2.5  | 2.7  | 2.9  | 3.2  |
| 60–79 | 1.5 | 1.6  | 1.6  | 1.8  | 2    | 2.3  | 2.5  | 2.7  | 2.9  |
| 80+   | 1.3 | 1.4  | 1.4  | 1.5  | 1.8  | 2    | 2.2  | 2.3  | 2.4  |
| 20+   | 1.5 | 1.6  | 1.7  | 1.8  | 2.1  | 2.5  | 2.7  | 2.8  | 3.1  |
